DMC, CsCuCl3, Unknown! Combined different sample titles
lambda=  4.51530, T=   1.686, dT=  0.000, Date='2022-11-28 13:48:32'
   4.000   0.125 135.875 1669458834., sample="CsCuCl3"
 232415. 252595. 255068. 248340. 237045. 235873. 230572. 227864. 227566. 221296.
 213968. 205278. 200005. 192647. 190408. 187915. 185485. 177038. 175079. 166427.
 167886. 164944. 164356. 160072. 156541. 151977. 147391. 145066. 143619. 140455.
 139117. 138472. 132022. 130297. 127002. 125269. 122060. 118190. 117664. 114322.
 112035. 107927. 107324. 106408. 106007. 104066. 101651. 101637.  98510.  96626.
  96023.  96510.  94589.  92129.  92021.  89647.  88256.  88405.  88653.  87850.
  86696.  84810.  83718.  81850.  81462.  83236.  82244.  80977.  78832.  77853.
  76834.  76647.  77403.  77513.  77054.  76245.  74129.  73705.  74164.  74938.
  75741.  78134.  77057.  80724.  77895.  76071.  75145.  74698.  72377.  71823.
  68780.  67476.  66578.  66792.  65719.  67307.  66104.  64248.  63490.  62321.
  63172.  63567.  64030.  63753.  62386.  61080.  60210.  59937.  60787.  60907.
  60490.  59755.  58677.  57920.  57428.  57518.  60147.  57591.  57728.  56073.
  55139.  55153.  54320.  55648.  56578.  55334.  55635.  53941.  52942.  54078.
  54166.  54431.  53633.  52992.  51278.  52087.  51354.  52888.  52513.  53423.
  51401.  51260.  49672.  50609.  50710.  51871.  51492.  49936.  49851.  48092.
  49186.  49859.  49420.  49709.  49144.  47943.  48731.  48803.  51220.  53641.
  54882.  58182.  58513.  59115.  59749.  59564.  57510.  53559.  50222.  47530.
  45893.  45224.  46185.  46973.  47194.  46766.  46444.  45686.  45322.  45391.
  45446.  45602.  45458.  46062.  45478.  44318.  44513.  45084.  46603.  45408.
  45521.  44054.  43854.  43212.  43860.  44635.  44176.  44010.  42860.  42635.
  42805.  42589.  43962.  43545.  43536.  42850.  41894.  41316.  41506.  41822.
  41856.  42255.  41146.  40649.  40250.  39422.  40422.  41202.  41099.  40459.
  39955.  39840.  39721.  39449.  40772.  40742.  40196.  38983.  39177.  38204.
  38768.  39302.  39934.  39309.  39177.  38760.  38212.  37442.  38327.  39807.
  39221.  38407.  37948.  37027.  37488.  38936.  38975.  39370.  38362.  37961.
  36578.  36646.  37366.  37519.  38030.  37581.  36800.  37074.  35721.  36360.
  37347.  37366.  36971.  36197.  35769.  35420.  35882.  37068.  36916.  36738.
  35758.  35950.  34287.  34608.  36491.  36639.  35972.  36549.  35005.  34765.
  34570.  34858.  36484.  36088.  35977.  34489.  34129.  34338.  34921.  35276.
  35221.  35603.  34414.  33775.  33127.  34711.  35497.  35607.  35430.  34347.
  33902.  33641.  33547.  35398.  35279.  35611.  34716.  33988.  33616.  33789.
  34808.  36025.  35620.  34581.  33881.  33157.  33005.  34284.  35056.  35559.
  35035.  34300.  33232.  33596.  34090.  35296.  35852.  35114.  33971.  33283.
  32809.  33391.  34382.  35233.  34661.  33575.  32828.  32462.  33233.  34518.
  34798.  35064.  34444.  34003.  32653.  32960.  34223.  35463.  35404.  34702.
  33264.  32586.  32591.  33639.  35862.  35179.  34811.  33562.  33318.  33318.
  34197.  35667.  36637.  36323.  36140.  35966.  38110.  38798.  40376.  40947.
  39748.  37131.  35309.  34043.  33796.  35005.  35791.  35418.  34694.  33665.
  33726.  33730.  35760.  36297.  36622.  35351.  34768.  34438.  34349.  35493.
  35934.  36621.  35953.  34984.  33684.  34223.  35920.  36158.  36631.  36213.
  35449.  34649.  34327.  34846.  37156.  36602.  36264.  35738.  34617.  34513.
  35530.  36472.  37418.  36841.  36022.  35304.  34661.  34854.  36473.  37876.
  37321.  36268.  35911.  35011.  34957.  37029.  38233.  38010.  37057.  36386.
  34695.  35523.  36237.  37154.  37996.  36924.  36662.  35261.  35687.  35896.
  37830.  38007.  37706.  36700.  36215.  35431.  36497.  37544.  38708.  38907.
  36973.  35853.  36013.  36636.  37667.  38377.  39197.  37047.  36920.  35934.
  35701.  37414.  39639.  39323.  37683.  36823.  35931.  36080.  37198.  37452.
  40072.  38548.  37004.  36443.  36847.  37658.  39294.  38884.  39249.  38299.
  36806.  36490.  37277.  38129.  39850.  38757.  37682.  36423.  36428.  37039.
  38556.  39240.  39334.  39102.  37153.  36952.  37308.  38701.  40199.  39268.
  38650.  38057.  36525.  37014.  38204.  40308.  40100.  40260.  38140.  37827.
  37426.  38890.  40371.  41625.  40298.  39639.  38884.  38564.  38750.  40981.
  40659.  40682.  39233.  38606.  38233.  38553.  40752.  40919.  40759.  39638.
  37943.  37381.  37633.  38807.  40564.  40318.  39285.  38191.  37592.  37809.
  38986.  40601.  40285.  39407.  39361.  37573.  37811.  38598.  40714.  40788.
  40389.  38971.  37640.  37780.  38825.  39871.  41169.  40729.  38275.  38518.
  37555.  38158.  39525.  40844.  40653.  39215.  38758.  37314.  38127.  39094.
  40953.  40725.  40144.  38813.  38478.  38490.  39613.  40981.  40356.  40395.
  38923.  38741.  37720.  38480.  40906.  42154.  41397.  39715.  39691.  41190.
  45103.  51605.  61612.  70119.  85340. 127913.  89382.  86172.  80234.  79822.
  67558.  56116.  47283.  41958.  39815.  40789.  46165.  45332.  46248.  45455.
  45629.  44332.  45397.  46909.  46835.  42801.  40789.  39423.  38309.  39131.
  40916.  41325.  40112.  38465.  38195.  37912.  38283.  39685.  41133.  40839.
  39472.  38558.  38074.  38376.  40436.  41516.  41238.  39940.  39193.  37718.
  38608.  39912.  41689.  40901.  39144.  38765.  38557.  38645.  39208.  41537.
  41958.  40514.  40008.  38706.  39226.  39579.  42052.  41376.  40971.  39806.
  38965.  37936.  38220.  40726.  39905.  40485.  38958.  38217.  37951.  37848.
  38486.  40152.  40242.  40038.  37834.  37565.  37519.  38784.  41215.  40746.
  40483.  37793.  38242.  37455.  38792.  40805.  39989.  39186.  38105.  37731.
  37958.  38082.  40176.  40670.  39864.  39323.  38105.  37829.  39078.  40142.
  41304.  40645.  39267.  38785.  37229.  38649.  40277.  41327.  40600.  40303.
  38742.  38584.  38476.  39625.  40457.  40936.  40578.  39847.  39124.  39021.
  42071.  44986.  46169.  46514.  44992.  44011.  43985.  44356.  48996.  46620.
  44576.  42940.  41784.  41457.  40669.  42224.  44619.  45261.  46070.  64208.
  77089.  97358. 124209. 152699. 178150. 185170. 191476. 183988. 184338. 169278.
 243534. 161128. 133671. 103382.  78704.  62924.  55315.  51017.  47404.  43727.
  41559.  41069.  39548.  40362.  42425.  42119.  42367.  41507.  40042.  40289.
  41480.  43734.  46304.  45713.  43541.  41344.  40688.  40999.  41623.  43376.
  42113.  41002.  39682.  39478.  39304.  40027.  41821.  41343.  42485.  40287.
  40452.  39629.  40586.  42869.  42888.  43257.  41225.  41888.  41728.  43210.
  44746.  45803.  45368.  43973.  43302.  43502.  44340.  44640.  44856.  43861.
  42927.  40898.  40635.  39884.  41856.  43116.  43014.  45823.  45737.  49019.
  57128.  52805.  71049.  79716.  80142.  83492.  85760.  96170. 119544.  92068.
  86971.  80971.  76216.  68756.  62768.  53975.  52443.  48054.  46763.  43915.
  39983.  39454.  39306.  41700.  42455.  41714.  40142.  39793.  39565.  39466.
  40701.  41669.  41728.  40431.  39818.  38574.  37822.  39483.  40624.  39790.
  39645.  38702.  38037.  38049.  39001.  40923.  40747.  40439.  39683.  38985.
  39051.  39010.  41114.  42134.  41572.  40632.  39440.  39620.  40822.  42050.
  42760.  42581.  42258.  42320.  42115.  41758.  42082.  44481.  43650.  43752.
  42962.  42260.  41429.  43363.  44959.  46007.  43644.  43196.  42137.  42083.
  43513.  44595.  45084.  44656.  43907.  42747.  42652.  41446.  42988.  44647.
  42863.  42167.  41316.  40380.  41338.  42753.  43580.  43985.  42494.  41199.
  40456.  41209.  42306.  44339.  44247.  42752.  42503.  42250.  43002.  43384.
  43782.  45027.  45273.  44251.  42978.  43223.  43723.  45976.  47276.  45178.
  43665.  42630.  43436.  43133.  45144.  45185.  45712.  44206.  43507.  43367.
  44246.  45482.  46571.  47135.  46376.  45091.  46304.  48919.  51520.  56194.
  61680.  77687.  81904.  83260.  92415. 100124. 119911. 124382. 132056. 124363.
 138694. 145841. 170510. 159593. 130007. 128174. 121549. 122199. 109704. 101887.
  90843.  89483.  85351.  78131.  65370.  54561.  53209.  52266.  51424.  49917.
  47552.  46099.  44678.  45134.  45916.  46930.  46659.  46000.  45552.  45173.
  45691.  45502.  47464.  47326.  47005.  46500.  46246.  46136.  47058.  48535.
  49652.  49865.  48892.  47913.  47442.  48465.  50385.  51062.  51061.  50058.
  48738.  48296.  48808.  49851.  51288.  51041.  49807.  48686.  47881.  48655.
  49224.  50061.  49917.  49452.  47691.  47814.  46798.  47735.  49886.  49608.
  48681.  48168.  46955.  46710.  47183.  48275.  49512.  48848.  47858.  47412.
  47084.  45700.  43749.  41758.  36303.  29852.                                
  1693.6  1180.6  1132.9   926.9   902.9   781.1   751.6   695.9   713.7   660.1
   631.8   606.3   575.2   549.5   540.0   526.3   487.7   487.8   461.4   459.3
   430.5   449.0   413.9   421.4   410.5   381.8   386.4   361.9   368.6   338.8
   359.7   335.6   334.2   325.3   316.4   341.3   307.2   327.9   304.1   311.9
   299.8   307.4   304.1   300.7   312.4   297.2   302.1   299.1   299.9   290.7
   291.7   290.2   290.3   285.2   289.6   288.1   277.4   290.6   280.3   294.7
   277.1   278.8   270.5   276.3   270.0   283.3   277.6   273.4   272.0   268.2
   267.5   266.8   268.1   264.2   271.2   266.2   262.7   261.2   266.3   264.9
   271.2   277.4   268.4   283.8   260.7   272.8   259.7   280.6   255.0   268.6
   254.9   257.3   247.6   258.7   247.7   249.0   252.5   246.1   244.0   244.3
   245.7   252.3   249.3   249.1   251.4   240.5   236.1   236.3   243.4   239.4
   247.7   239.2   242.2   235.9   238.4   236.1   229.5   235.3   243.5   232.5
   232.1   231.4   227.3   235.9   237.0   233.9   238.4   233.1   216.1   226.9
   230.7   231.1   228.6   230.3   220.2   225.6   224.0   233.8   230.5   226.4
   218.6   227.6   217.8   222.0   227.3   227.3   228.1   224.7   221.8   220.0
   213.6   222.6   215.9   223.1   218.7   217.4   221.2   220.4   230.0   229.1
   236.2   235.0   240.1   236.8   242.6   241.6   241.9   229.5   226.2   216.5
   216.8   208.4   210.2   215.4   212.0   216.4   213.9   216.0   207.7   214.3
   212.8   215.9   213.4   213.3   208.7   206.3   205.4   213.9   216.0   212.9
   215.6   209.9   211.4   208.3   206.7   206.8   207.6   207.7   203.6   208.0
   204.4   203.6   216.0   209.2   211.0   208.8   194.7   201.8   202.1   201.8
   207.7   207.6   203.7   198.7   203.1   198.7   199.8   199.3   198.9   200.2
   198.8   197.4   201.3   197.7   204.7   202.5   206.3   197.2   190.3   189.6
   194.9   198.7   198.6   182.5   202.6   206.3   195.0   196.0   199.0   199.4
   195.7   197.4   195.0   188.2   195.0   200.1   199.1   201.8   199.0   196.3
   184.6   187.0   191.9   196.9   196.5   194.0   191.3   195.6   188.2   192.0
   196.6   191.1   189.5   186.1   187.2   188.8   190.5   194.9   194.1   195.8
   189.6   193.1   180.2   179.3   191.0   193.8   186.7   193.9   188.4   185.3
   184.8   188.0   195.4   193.2   182.7   181.6   183.3   183.6   186.4   189.6
   189.8   193.9   187.7   185.6   182.0   179.4   189.1   189.4   188.7   185.8
   184.7   182.1   183.9   194.1   190.9   193.3   177.2   181.7   180.3   183.8
   189.4   194.8   193.4   186.8   184.2   182.6   184.1   178.9   185.9   189.7
   188.2   185.4   183.3   185.3   186.1   192.4   194.2   191.0   179.6   180.3
   177.6   184.3   186.1   192.2   189.9   184.3   179.2   181.9   184.4   183.1
   185.9   187.3   186.5   184.4   179.3   183.8   187.7   194.2   194.1   191.3
   170.1   168.3   189.4   183.6   200.9   186.5   189.5   185.1   183.3   183.2
   190.5   187.7   188.6   188.8   189.2   187.9   197.4   198.1   205.7   207.7
   201.2   195.7   182.1   177.8   179.5   190.0   191.7   192.4   186.9   182.6
   185.5   183.0   193.1   196.4   182.3   185.4   185.0   183.2   184.1   191.0
   194.9   196.3   193.9   190.9   182.5   174.8   191.2   191.2   191.9   192.6
   189.7   186.0   184.9   189.1   200.7   196.6   182.7   188.8   182.1   185.3
   190.8   192.8   200.7   193.8   195.1   190.0   188.4   178.2   189.3   197.1
   193.3   189.0   190.5   185.9   188.2   198.4   202.1   201.0   184.5   187.6
   181.1   185.5   191.9   195.3   200.6   194.8   192.7   190.9   190.0   182.8
   190.8   194.6   194.2   191.1   191.1   187.5   194.5   196.2   203.2   203.5
   185.3   180.0   184.0   192.0   195.4   201.5   202.1   195.6   192.6   191.0
   188.2   191.9   196.7   198.9   194.5   193.1   191.4   184.1   198.1   244.3
   200.5   183.1   184.1   181.7   188.4   193.5   202.4   201.9   201.5   197.9
   192.1   192.4   195.6   202.6   187.1   195.4   194.0   187.6   188.7   192.7
   202.3   205.4   202.0   202.4   196.3   179.0   188.5   197.8   202.1   201.1
   197.3   196.1   189.4   194.1   198.8   210.5   189.7   197.3   192.3   191.8
   191.4   198.7   205.8   212.0   205.9   200.8   202.4   183.7   191.0   202.4
   201.7   202.1   198.6   198.0   197.6   200.0   209.1   211.6   191.9   193.4
   190.7   189.1   193.4   199.5   207.8   206.5   203.4   196.7   197.3   182.8
   188.3   200.6   203.1   201.9   201.8   194.4   197.7   202.0   206.1   208.6
   195.0   187.6   187.8   191.9   200.9   202.1   210.5   207.6   196.4   197.4
   196.7   187.1   188.8   204.8   204.4   199.6   198.6   194.5   196.1   201.2
   209.9   211.3   196.7   183.9   190.6   193.8   201.2   206.0   205.9   203.9
   200.8   197.3   198.2   200.8   186.0   176.9   206.1   250.3   193.3   203.6
   213.3   234.2   255.9   278.9   306.0   324.3   288.1   290.8   288.3   287.7
   265.7   235.7   218.8   205.8   208.7   207.3   201.8   208.7   214.8   209.7
   209.5   210.8   213.4   229.4   228.8   219.4   205.7   180.9   184.9   192.8
   204.5   200.9   202.2   198.8   203.8   200.1   205.3   208.3   190.5   191.4
   192.4   192.9   187.5   195.2   211.5   217.9   212.9   209.3   205.1   178.1
   180.0   194.1   202.3   198.2   208.1   202.3   202.6   200.8   207.2   215.7
   195.1   182.7   185.4   187.7   199.8   210.1   216.4   217.4   211.5   208.0
   201.8   181.4   167.7   188.2   208.2   209.5   205.9   200.6   203.4   200.1
   204.9   209.1   216.0   153.3   185.6   201.3   197.4   209.4   211.9   215.9
   210.3   201.5   199.5   196.6   147.4   210.6   210.2   204.9   203.9   196.6
   203.7   199.9   215.4   209.3   177.8   162.2   199.8   200.6   206.0   214.4
   214.5   214.3   192.3   187.1   291.0   155.1   173.1   213.6   213.8   207.5
   204.2   200.6   204.7   205.4   213.2   191.6   182.1   174.4   200.4   203.8
   210.3   229.3   224.2   231.7   216.2   204.1   196.6   194.6   200.7   224.8
   223.9   210.2   214.3   205.6   211.2   203.4   213.5   206.4   200.7   221.9
   281.4   328.9   367.2   415.0   439.8   440.4   419.3   418.7   414.5   395.4
   444.5   414.4   387.1   326.4   292.4   249.3   236.5   225.3   220.0   205.5
   194.1   180.3   202.5   212.0   215.1   215.2   207.1   204.5   196.1   196.0
   199.1   205.1   199.9   213.6   217.7   204.4   201.4   201.4   204.9   213.4
   206.3   198.5   192.7   184.0   192.4   208.9   208.9   205.8   209.3   202.1
   197.2   197.0   200.4   205.9   198.1   199.4   205.8   204.2   203.8   206.5
   216.0   217.1   216.0   205.8   202.2   199.5   195.5   217.0   215.0   215.5
   209.0   202.3   198.3   197.7   205.8   206.7   199.6   195.5   213.8   207.6
   235.7   300.9   251.2   271.9   287.3   285.4   279.4   292.6   318.4   313.9
   300.1   289.9   275.6   260.2   248.8   228.9   228.9   214.4   208.4   191.1
   200.5   196.6   198.7   207.7   210.5   207.3   199.1   194.6   192.6   190.0
   185.1   209.9   207.1   204.0   199.1   193.7   188.4   195.2   200.1   194.3
   188.5   175.7   193.9   193.3   198.3   204.4   202.9   199.1   197.5   192.3
   190.9   191.0   192.5   205.2   208.3   205.6   196.3   196.9   201.0   208.5
   206.9   204.1   200.7   194.0   198.9   204.3   208.5   212.9   211.1   208.6
   206.6   202.1   198.7   205.2   206.5   210.1   210.9   209.4   200.8   204.2
   207.9   213.0   213.2   210.6   204.5   197.1   196.3   201.2   211.5   216.8
   207.1   202.5   202.7   196.8   201.8   205.1   204.1   200.5   204.6   205.6
   198.1   201.2   207.9   214.4   211.8   205.4   201.1   197.2   193.2   209.4
   211.5   215.5   216.4   209.5   206.6   202.6   193.8   205.7   224.6   195.4
   234.5   222.5   197.5   203.7   215.5   214.5   214.1   208.4   203.4   200.6
   196.4   213.1   221.7   221.1   220.1   207.0   214.3   217.5   223.9   239.8
   242.9   258.5   283.3   289.3   303.6   318.5   348.9   353.5   360.0   347.0
   367.8   367.6   394.7   391.8   370.8   360.0   345.3   345.2   327.9   315.5
   301.5   299.5   286.1   272.1   241.0   233.2   229.3   229.2   229.8   226.4
   215.8   213.1   205.6   205.8   208.1   207.9   221.0   214.8   213.5   210.8
   215.8   212.6   221.1   216.7   213.2   206.0   202.3   215.8   218.4   222.8
   226.7   227.1   218.6   217.7   212.8   215.8   218.5   217.3   230.4   224.3
   218.4   218.0   221.1   221.1   230.2   225.5   216.4   213.8   203.9   222.7
   222.1   227.5   222.5   223.3   215.7   214.8   212.4   214.8   222.6   211.6
   226.0   219.8   215.3   214.9   217.6   219.9   223.7   221.8   217.0   216.3
   210.7   221.6   213.7   219.0   214.1   219.6     nan     nan     nan     nan
 Filelist='dmc:2022:12105-12106'
 a4=4.0. 136.0.; Counts=29851 255067; Numor=12105 12106; Npkt=1056; owner='fennell'
  a1=42.13; a2=84.27; a3=140.00; mcv=9.00; mtx=0.00; mty=0.00; mgu=0.379; mgl=0.000; 
  time=27.6000 100.5000; sMon=   0.    0.; bMon=  0.   0.; aMon=0
  pMon=5347871. 6678225.; muR=0.; Preset='monitor'
  calibration='dmc2022n6748'
